"FO 10 2F 70 73 5F 63 6C 65 61 72 42 75 66 66 65 72 00 F7";
"FO 10 2F 70 73 5F 63 6C 65 61 72 00 00 00 2C 00 00 00 F7";
"FO 00 02 37 00 01 01 00 1E 2F 66 64 5F 70 73 76 73 5F 70 31 00 00 00 70 2C 69 69 00 70 00 00 00 00 70 00 00 00 00 70 F7";
"FO 00 02 37 00 01 01 00 1E 2F 66 64 5F 70 73 76 73 5F 70 32 00 00 00 70 2C 69 69 00 70 00 00 00 00 70 00 00 0F 7F 78 F7";
"FO 00 02 37 00 01 01 00 1E 2F 66 64 5F 70 73 76 73 5F 70 33 00 00 00 70 2C 69 69 00 70 00 00 00 00 70 00 00 04 79 70 F7";
"FO 00 02 37 00 01 01 00 1E 2F 66 64 5F 70 73 76 73 5F 70 34 00 00 00 70 2C 69 69 00 70 00 00 00 00 70 00 00 09 4F 70 F7";
"FO 00 02 37 00 01 01 00 1E 2F 66 64 5F 70 73 76 73 5F 70 35 00 00 00 70 2C 69 69 00 70 00 00 00 00 70 00 00 03 2C 70 F7";
"FO 00 02 37 00 01 01 00 1E 2F 66 64 5F 70 65 67 5F 61 70 00 00 00 00 70 2C 69 69 00 70 00 00 00 00 70 00 00 04 11 78 F7";
"FO 00 02 37 00 01 01 00 1E 2F 66 64 5F 70 65 67 5F 73 70 00 00 00 00 70 2C 69 69 00 70 00 00 00 00 70 00 00 0F 7F 78 F7";
"FO 00 02 37 00 01 01 00 1E 2F 66 64 5F 70 65 67 5F 64 70 00 00 00 00 70 2C 69 69 00 70 00 00 00 00 70 00 00 04 29 78 F7";
"FO 00 02 37 00 01 01 00 1E 2F 66 64 5F 70 70 5F 63 76 70 73 00 00 00 70 2C 69 69 00 70 00 00 00 00 70 00 00 0F 7F 78 F7";
"FO 00 02 37 00 01 01 00 23 2F 66 64 5F 70 70 5F 70 65 70 72 69 6F 64 70 00 00 00 00 70 2C 69 69 00 70 00 00 00 00 70 00 00 06 64 78 F7";
"FO 00 02 37 00 01 01 00 23 2F 66 64 5F 70 6D 6F 5F 63 70 76 73 46 72 70 65 71 00 00 70 2C 69 69 00 70 00 00 00 00 70 00 00 0E 3D 70 F7";
"FO 00 02 37 00 01 01 00 1E 2F 66 64 5F 70 6D 6F 5F 66 70 72 65 71 00 70 2C 69 69 00 70 00 00 00 00 70 00 00 02 6D 70 F7";
"FO 00 02 37 00 01 01 00 23 2F 66 64 5F 70 6D 6F 5F 63 70 76 73 4D 6F 70 64 00 00 00 70 2C 69 69 00 70 00 00 00 00 70 00 00 0F 7F 78 F7";
"FO 00 02 37 00 01 01 00 1E 2F 66 64 5F 70 6D 6F 5F 6D 70 6F 64 00 00 70 2C 69 69 00 70 00 00 00 00 70 00 00 03 6A 78 F7";
"FO 00 02 37 00 01 01 00 23 2F 66 64 5F 70 63 6F 5F 63 70 76 73 50 69 70 74 63 68 00 70 2C 69 69 00 70 00 00 00 00 70 00 00 05 76 78 F7";
"FO 00 02 37 00 01 01 00 23 2F 66 64 5F 70 63 6F 5F 70 70 69 74 63 68 70 00 00 00 00 70 2C 69 69 00 70 00 00 00 00 70 00 00 00 00 70 F7";
"FO 00 02 37 00 01 01 00 28 2F 66 64 5F 70 63 6F 5F 63 70 76 73 54 69 70 6D 62 72 65 70 00 00 00 00 70 2C 69 69 00 70 00 00 00 00 70 00 00 0F 13 70 F7";
"FO 00 02 37 00 01 01 00 23 2F 66 64 5F 70 63 6F 5F 74 70 69 6D 62 72 70 65 00 00 00 70 2C 69 69 00 70 00 00 00 00 70 00 00 00 00 70 F7";
"FO 00 02 37 00 01 01 00 28 2F 66 64 5F 70 64 6C 70 67 70 5F 63 76 73 70 4C 65 76 65 70 6C 31 00 00 70 2C 69 69 00 70 00 00 00 00 70 00 00 0C 11 78 F7";
"FO 00 02 37 00 01 01 00 23 2F 66 64 5F 70 64 6C 70 67 70 5F 6C 65 76 70 65 6C 31 00 70 2C 69 69 00 70 00 00 00 00 70 00 00 00 00 70 F7";
"FO 00 02 37 00 01 01 00 28 2F 66 64 5F 70 64 6C 70 67 70 5F 63 76 73 70 4C 65 76 65 70 6C 32 00 00 70 2C 69 69 00 70 00 00 00 00 70 00 00 05 4F 70 F7";
"FO 00 02 37 00 01 01 00 23 2F 66 64 5F 70 64 6C 70 67 70 5F 6C 65 76 70 65 6C 32 00 70 2C 69 69 00 70 00 00 00 00 70 00 00 00 00 70 F7";
"FO 00 02 37 00 01 01 00 23 2F 73 77 5F 70 72 76 5F 74 70 72 69 67 67 70 65 72 00 00 70 2C 69 69 00 70 00 00 00 00 70 00 00 00 01 70 F7";
"FO 00 02 37 00 01 01 00 23 2F 73 77 5F 70 65 67 5F 74 70 72 69 67 67 70 65 72 00 00 70 2C 69 69 00 70 00 00 00 00 70 00 00 00 01 70 F7";
"FO 00 02 37 00 01 01 00 1E 2F 73 77 5F 70 65 67 5F 6D 70 6F 64 65 00 70 2C 69 69 00 70 00 00 00 00 70 00 00 00 01 70 F7";
"FO 00 02 37 00 01 01 00 23 2F 73 77 5F 70 70 5F 74 72 70 69 67 67 65 70 72 00 00 00 70 2C 69 69 00 70 00 00 00 00 70 00 00 00 01 70 F7";
"FO 00 02 37 00 01 01 00 1E 2F 73 77 5F 70 70 5F 6D 6F 70 64 65 00 00 70 2C 69 69 00 70 00 00 00 00 70 00 00 00 02 70 F7";
"FO 00 02 37 00 01 01 00 23 2F 73 77 5F 70 6D 6F 5F 6B 70 65 79 62 6F 70 61 72 64 00 70 2C 69 69 00 70 00 00 00 00 70 00 00 00 02 70 F7";
"FO 00 02 37 00 01 01 00 23 2F 73 77 5F 70 6D 6F 5F 72 70 61 6E 67 65 70 00 00 00 00 70 2C 69 69 00 70 00 00 00 00 70 00 00 00 00 70 F7";
"FO 00 02 37 00 01 01 00 28 2F 73 77 5F 70 6D 6F 5F 77 70 61 76 65 73 70 68 61 70 65 70 00 00 00 00 70 2C 69 69 00 70 00 00 00 00 70 00 00 00 02 70 F7";
"FO 00 02 37 00 01 01 00 1E 2F 73 77 5F 70 6D 6F 5F 6D 70 6F 64 00 00 70 2C 69 69 00 70 00 00 00 00 70 00 00 00 00 70 F7";
"FO 00 02 37 00 01 01 00 23 2F 73 77 5F 70 63 6F 5F 6B 70 65 79 62 6F 70 61 72 64 00 70 2C 69 69 00 70 00 00 00 00 70 00 00 00 02 70 F7";
"FO 00 02 37 00 01 01 00 23 2F 73 77 5F 70 63 6F 5F 70 70 6F 6C 61 72 70 69 74 79 00 70 2C 69 69 00 70 00 00 00 00 70 00 00 00 00 70 F7";
"FO 00 02 37 00 01 01 00 23 2F 73 77 5F 70 63 6F 5F 74 70 69 6D 62 72 70 65 00 00 00 70 2C 69 69 00 70 00 00 00 00 70 00 00 00 00 70 F7";
"FO 00 02 37 00 01 01 00 23 2F 73 77 5F 70 67 61 74 65 70 32 53 6F 75 70 72 63 65 00 70 2C 69 69 00 70 00 00 00 00 70 00 00 00 01 70 F7";
"FO 00 02 37 00 01 01 00 23 2F 73 77 5F 70 67 61 74 65 70 31 4D 6F 64 70 65 00 00 00 70 2C 69 69 00 70 00 00 00 00 70 00 00 00 02 70 F7";
"FO 00 02 37 00 01 01 00 23 2F 73 77 5F 70 67 61 74 65 70 32 4D 6F 64 70 65 00 00 00 70 2C 69 69 00 70 00 00 00 00 70 00 00 00 01 70 F7";
"FO 00 02 37 00 01 01 00 23 2F 73 77 5F 70 73 76 73 5F 70 73 74 61 67 70 65 73 00 00 70 2C 69 69 00 70 00 00 00 00 70 00 00 00 00 70 F7";
"FO 00 02 37 00 01 01 00 1E 2F 73 77 5F 70 73 76 73 5F 70 70 31 00 00 70 2C 69 69 00 70 00 00 00 00 70 00 00 00 00 70 F7";
"FO 00 02 37 00 01 01 00 1E 2F 73 77 5F 70 73 76 73 5F 70 70 32 00 00 70 2C 69 69 00 70 00 00 00 00 70 00 00 00 00 70 F7";
"FO 00 02 37 00 01 01 00 1E 2F 73 77 5F 70 73 76 73 5F 70 70 33 00 00 70 2C 69 69 00 70 00 00 00 00 70 00 00 00 00 70 F7";
"FO 00 02 37 00 01 01 00 1E 2F 73 77 5F 70 73 76 73 5F 70 70 34 00 00 70 2C 69 69 00 70 00 00 00 00 70 00 00 00 00 70 F7";
"FO 00 02 37 00 01 01 00 1E 2F 73 77 5F 70 73 76 73 5F 70 70 35 00 00 70 2C 69 69 00 70 00 00 00 00 70 00 00 00 00 70 F7";
"FO 00 02 37 00 01 01 00 23 2F 73 77 5F 70 73 76 73 5F 70 74 72 69 67 70 67 65 72 00 70 2C 69 69 00 70 00 00 00 00 70 00 00 00 01 70 F7";
"FO 00 02 37 00 01 01 00 23 2F 6B 6E 5F 70 63 6F 5F 74 70 69 6D 62 72 70 65 00 00 00 70 2C 69 69 00 70 00 00 00 00 70 00 00 00 00 70 F7";
"FO 00 02 37 00 01 01 00 2D 2F 63 76 5F 70 63 6F 6E 6E 70 65 63 74 00 70 2C 69 69 69 70 66 00 00 00 70 00 00 00 00 70 00 00 00 06 70 00 00 00 09 70 3F 00 00 00 72 F7";
"FO 00 02 37 00 01 01 00 2D 2F 63 76 5F 70 63 6F 6E 6E 70 65 63 74 00 70 2C 69 69 69 70 66 00 00 00 70 00 00 00 00 70 00 00 00 06 70 00 00 00 00 70 3F 00 00 00 72 F7";
"FO 00 02 37 00 01 01 00 2D 2F 63 76 5F 70 63 6F 6E 6E 70 65 63 74 00 70 2C 69 69 69 70 66 00 00 00 70 00 00 00 00 70 00 00 00 07 70 00 00 00 0B 70 3F 00 00 00 72 F7";
"FO 00 02 37 00 01 01 00 2D 2F 63 76 5F 70 63 6F 6E 6E 70 65 63 74 00 70 2C 69 69 69 70 66 00 00 00 70 00 00 00 00 70 00 00 00 07 70 00 00 00 02 70 3F 00 00 00 72 F7";
"FO 00 02 37 00 01 01 00 2D 2F 63 76 5F 70 63 6F 6E 6E 70 65 63 74 00 70 2C 69 69 69 70 66 00 00 00 70 00 00 00 00 70 00 00 00 09 70 00 00 00 01 70 3F 00 00 00 72 F7";
"FO 00 02 37 00 01 01 00 2D 2F 63 76 5F 70 63 6F 6E 6E 70 65 63 74 00 70 2C 69 69 69 70 66 00 00 00 70 00 00 00 00 70 00 00 00 09 70 00 00 00 06 70 3F 00 00 00 72 F7";
"FO 00 02 37 00 01 01 00 2D 2F 63 76 5F 70 63 6F 6E 6E 70 65 63 74 00 70 2C 69 69 69 70 66 00 00 00 70 00 00 00 00 70 00 00 00 09 70 00 00 00 07 70 3F 00 00 00 72 F7";
"FO 00 02 37 00 01 01 00 2D 2F 63 76 5F 70 63 6F 6E 6E 70 65 63 74 00 70 2C 69 69 69 70 66 00 00 00 70 00 00 00 00 70 00 00 00 02 70 00 00 00 07 70 3F 00 00 00 72 F7";
"FO 00 02 37 00 01 01 00 2D 2F 63 76 5F 70 63 6F 6E 6E 70 65 63 74 00 70 2C 69 69 69 70 66 00 00 00 70 00 00 00 00 70 00 00 00 01 70 00 00 00 06 70 3F 00 00 00 72 F7";
"FO 00 02 37 00 01 01 00 2D 2F 63 76 5F 70 63 6F 6E 6E 70 65 63 74 00 70 2C 69 69 69 70 66 00 00 00 70 00 00 00 00 70 00 00 00 08 70 00 00 00 04 70 3F 00 00 00 72 F7";
"FO 00 02 37 00 01 01 00 2D 2F 63 76 5F 70 63 6F 6E 6E 70 65 63 74 00 70 2C 69 69 69 70 66 00 00 00 70 00 00 00 00 70 00 00 00 08 70 00 00 00 03 70 3F 00 00 00 72 F7";
"FO 00 02 37 00 01 01 00 2D 2F 63 76 5F 70 63 6F 6E 6E 70 65 63 74 00 70 2C 69 69 69 70 66 00 00 00 70 00 00 00 00 70 00 00 00 01 70 00 00 00 05 70 3F 00 00 00 72 F7";
"FO 24 2F 70 73 5F 73 65 74 4E 61 6D 65 00 2C 69 73 00 00 00 00 00 49 74 27 73 20 41 6C 69 76 65 20 20 20 00 00 00 F7";
"FO 0C 2F 70 73 5F 73 74 61 72 74 00 00 00 F7"
